-1.	0.029126213592233073
-0.995	0.029126213592233063
-0.99	0.02912621359220846
-0.985	0.02912621359206518
-0.98	0.02912621230694991
-0.975	0.029126198770907864
-0.97	0.029126178527274213
-0.965	0.029126161680898943
-0.96	0.029126157876528426
-0.955	0.029126155500794785
-0.95	0.029126149223038668
-0.945	0.029126144251290044
-0.94	0.02912614288839416
-0.935	0.029126135949071253
-0.9299999999999999	0.029126126150928487
-0.925	0.029126118072617058
-0.92	0.029126116658741832
-0.915	0.029126127461655764
-0.91	0.02912614448139953
-0.905	0.02912615924572599
-0.9	0.02912616341331458
-0.895	0.029126163298432622
-0.89	0.029126164870826945
-0.885	0.029126165898054928
-0.88	0.029126164171529686
-0.875	0.02912615876165384
-0.87	0.029126150609147496
-0.865	0.029126140801195757
-0.86	0.029126130424983607
-0.855	0.029126120567695816
-0.85	0.02912611231651737
-0.845	0.029126106758633263
-0.84	0.02912610450470096
-0.835	0.02912610197943968
-0.83	0.029126098566127228
-0.825	0.02912609469873642
-0.8200000000000001	0.029126090811239843
-0.815	0.029126087337610306
-0.81	0.02912608471182051
-0.8049999999999999	0.029126083359826967
-0.8	0.02912608166510379
-0.7949999999999999	0.02912607847727866
-0.79	0.029126074239674254
-0.785	0.029126069395612915
-0.78	0.02912606438841721
-0.775	0.029126059661409704
-0.77	0.02912605565791285
-0.765	0.029126052837326184
-0.76	0.02912605209107158
-0.755	0.029126053316212323
-0.75	0.029126055931011346
-0.745	0.029126059353732026
-0.74	0.029126063002637398
-0.735	0.029126066295990613
-0.73	0.02912606865205494
-0.725	0.029126069489093527
-0.72	0.029126073665379382
-0.715	0.029126087452997086
-0.71	0.029126106071742305
-0.7050000000000001	0.029126124563555907
-0.7	0.02912613797037885
-0.6950000000000001	0.029126149267195714
-0.69	0.029126181416529864
-0.685	0.029126207768617858
-0.6799999999999999	0.02912623658098625
-0.675	0.02912627277732828
-0.6699999999999999	0.029126310322243405
-0.665	0.029126360408946193
-0.6599999999999999	0.029126430893655256
-0.655	0.029126522349075416
-0.6499999999999999	0.02912664280503939
-0.645	0.029126825209686548
-0.64	0.02912708101184732
-0.635	0.029127435523727915
-0.63	0.029127917239914817
-0.625	0.029128583558380314
-0.62	0.029129513601157064
-0.615	0.029130798416243164
-0.61	0.0291325858592339
-0.605	0.02913503425567725
-0.6	0.02913841248629891
-0.595	0.02914310933348423
-0.59	0.029149542251237982
-0.585	0.02915846456586274
-0.5800000000000001	0.029170825565062113
-0.575	0.02918776814230895
-0.5700000000000001	0.029211300656763885
-0.565	0.02924368220067636
-0.56	0.02928831531172719
-0.5549999999999999	0.029350272529621618
-0.55	0.02943515635150133
-0.5449999999999999	0.029552946119501204
-0.54	0.029715728551455718
-0.5349999999999999	0.029939711596312656
-0.53	0.030249310388586432
-0.5249999999999999	0.030676124839546653
-0.52	0.03126460472862862
-0.515	0.032075564327086914
-0.51	0.0331937452161076
-0.505	0.03473278049449692
-0.5	0.03684928611288915
-0.495	0.03975598878460488
-0.49	0.04374011383648811
-0.485	0.04918612077824942
-0.48	0.05660335362109031
-0.475	0.06665487440908885
-0.47	0.080184589486547
-0.46499999999999997	0.09823061192787873
-0.45999999999999996	0.12201069949432014
-0.45499999999999996	0.15285105766968257
-0.44999999999999996	0.19203119044166883
-0.44499999999999995	0.24052224181162402
-0.43999999999999995	0.2986325038228161
-0.43499999999999994	0.3656399890629844
-0.42999999999999994	0.4395580671033073
-0.42499999999999993	0.5172153273446547
-0.42000000000000004	0.5947396922932907
-0.41500000000000004	0.6682758703430405
-0.41000000000000003	0.7347266539331283
-0.405	0.7921849257063399
-0.4	0.840032168583932
-0.395	0.8786106635870635
-0.39	0.9089360672102588
-0.385	0.932286343062031
-0.38	0.9500036939862269
-0.375	0.9632904324756175
-0.37	0.9731081240764876
-0.365	0.9803843608256624
-0.36	0.9857579670090793
-0.355	0.9896422439509359
-0.35	0.9924445420380771
-0.345	0.994529649425023
-0.33999999999999997	0.9960607382500526
-0.33499999999999996	0.9971529741450672
-0.32999999999999996	0.9979221239058791
-0.32499999999999996	0.998483634238654
-0.31999999999999995	0.998912242550603
-0.31499999999999995	0.9992282183266157
-0.30999999999999994	0.9994523470883911
-0.30499999999999994	0.9996054143576285
-0.29999999999999993	0.9997082056560265
-0.29500000000000004	0.9997815065052843
-0.29000000000000004	0.9998418956685676
-0.28500000000000003	0.9998884842848749
-0.28	0.9999227924559363
-0.275	0.9999469205169069
-0.27	0.9999629688029417
-0.265	0.9999730376491953
-0.26	0.9999792273908229
-0.255	0.9999836383629793
-0.25	0.9999881102348582
-0.245	0.9999920045326524
-0.24	0.9999950788448916
-0.235	0.9999974208144484
-0.22999999999999998	0.9999991180841952
-0.22499999999999998	1.0000002582970042
-0.21999999999999997	1.0000009290957481
-0.21499999999999997	1.0000012181232991
-0.20999999999999996	1.0000012130225295
-0.20499999999999996	1.000001001436312
-0.19999999999999996	1.0000006710075189
-0.19499999999999995	1.0000003093790226
-0.18999999999999995	1.0000000041936952
-0.18499999999999994	0.9999998430944094
-0.17999999999999994	0.9999998783452748
-0.17499999999999993	0.9999999381812387
-0.16999999999999993	0.9999999866701151
-0.16500000000000004	1.0000000246103269
-0.16000000000000003	1.0000000528002961
-0.15500000000000003	1.0000000720384454
-0.15000000000000002	1.0000000831231974
-0.14500000000000002	1.0000000868529748
-0.14	1.0000000840261993
-0.135	1.0000000754412939
-0.13	1.0000000618966813
-0.125	1.0000000441907833
-0.12	1.000000023122023
-0.11499999999999999	0.9999999994888227
-0.10999999999999999	0.9999999740896047
-0.10499999999999998	0.9999999477227918
-0.09999999999999998	0.9999999211868061
-0.09499999999999997	0.9999998952800703
-0.08999999999999997	0.999999870801007
-0.08499999999999996	0.9999998485480385
-0.07999999999999996	0.9999998293195872
-0.07499999999999996	0.9999998139140757
-0.06999999999999995	0.9999998031299266
-0.06499999999999995	0.9999997977655622
-0.05999999999999994	0.9999997819042968
-0.05499999999999994	0.9999997058074331
-0.04999999999999993	0.9999995896965482
-0.04499999999999993	0.999999460199627
-0.040000000000000036	0.9999993439446541
-0.03500000000000003	0.999999267559614
-0.030000000000000027	0.9999992370282826
-0.025000000000000022	0.9999992157771552
-0.020000000000000018	0.9999992006040019
-0.015000000000000013	0.9999991900879907
-0.010000000000000009	0.999999182808289
-0.0050000000000000044	0.9999991773926016
0.	0.9999991740880437
0.0050000000000001155	0.999999171564196
0.010000000000000009	0.9999991673988183
0.015000000000000124	0.9999991587708391
0.020000000000000018	0.9999991253086792
0.02499999999999991	0.9999989598656811
0.030000000000000027	0.9999981319741866
0.03499999999999992	0.999994057116576
0.040000000000000036	0.9999737722509534
0.04499999999999993	0.999871597530703
0.050000000000000044	0.999365888754373
0.05499999999999994	0.9967551047349243
0.06000000000000005	0.983765718134436
0.06499999999999995	0.920998893902453
0.07000000000000006	0.6614713129479894
0.07499999999999996	0.12662131833334545
0.08000000000000007	-0.000022224432196127353
0.08499999999999996	-2.343755898248645e-7
0.09000000000000008	-2.3837495422007748e-7
0.09499999999999997	-2.4382712116022276e-7
0.10000000000000009	-2.4284658617368393e-7
0.10499999999999998	-2.4007312537932535e-7
0.1100000000000001	-2.3331064480380803e-7
0.11499999999999999	-2.335869377922961e-7
0.1200000000000001	-2.3317949815471195e-7
0.125	-2.329642518894559e-7
0.13000000000000012	-2.329654240629253e-7
0.135	-2.329657342592384e-7
0.14000000000000012	-2.3296545759166065e-7
0.14500000000000002	-2.3296487006163602e-7
0.15000000000000013	-2.329642465603854e-7
0.15500000000000003	-2.3296386286730808e-7
0.15999999999999992	-2.3296383599991088e-7
0.16500000000000004	-2.329638364440001e-7
0.16999999999999993	-2.329638366660447e-7
0.17500000000000004	-2.329638366660447e-7
0.17999999999999994	-2.329638366660447e-7
0.18500000000000005	-2.329638366660447e-7
0.18999999999999995	-2.329638366660447e-7
0.19500000000000006	-2.329638364440001e-7
0.19999999999999996	-2.329638364440001e-7
0.20500000000000007	-2.329638362219555e-7
0.20999999999999996	-2.3296383599991088e-7
0.21500000000000008	-2.3296383599991088e-7
0.21999999999999997	-2.3296383577786628e-7
0.2250000000000001	-2.3296383577786628e-7
0.22999999999999998	-2.3296388732873453e-7
0.2350000000000001	-2.3296415072365276e-7
0.24	-2.329646108280059e-7
0.2450000000000001	-2.32965237115227e-7
0.25	-2.3296599928079372e-7
0.2550000000000001	-2.329668674642729e-7
0.26	-2.329678111390976e-7
0.2650000000000001	-2.3296880022279006e-7
0.27	-2.3296980418878332e-7
0.27500000000000013	-2.3297079317664424e-7
0.28	-2.3297173665980584e-7
0.2849999999999999	-2.3297260477783498e-7
0.29000000000000004	-2.3297336678212014e-7
0.29499999999999993	-2.3297399303427273e-7
0.30000000000000004	-2.3297445278568122e-7
0.30499999999999994	-2.3297471595386782e-7
0.31000000000000005	-2.329747522343102e-7
0.31499999999999995	-2.3297453176657522e-7
0.32000000000000006	-2.3297402380205133e-7
0.32499999999999996	-2.3297319848030533e-7
0.33000000000000007	-2.3297202527477033e-7
0.33499999999999996	-2.3297047432501313e-7
0.3400000000000001	-2.329685151044668e-7
0.345	-2.32966117308609e-7
0.3500000000000001	-2.3296325107700655e-7
0.355	-2.3295988566104788e-7
0.3600000000000001	-2.329559914223445e-7
0.365	-2.329515376122848e-7
0.3700000000000001	-2.3294649414839106e-7
0.375	-2.329408309481855e-7
0.3800000000000001	-2.3295306354453072e-7
0.385	-2.3312633010619435e-7
0.3900000000000001	-2.334541766493966e-7
0.395	-2.3389144101894442e-7
0.40000000000000013	-2.343929612816895e-7
0.405	-2.3491357483834953e-7
0.4099999999999999	-2.3540811997782078e-7
0.41500000000000004	-2.3583143410082112e-7
0.41999999999999993	-2.3613835549624662e-7
0.42500000000000004	-2.3628372156481522e-7
0.42999999999999994	-2.3622237059542306e-7
0.43500000000000005	-2.3590913998878796e-7
0.43999999999999995	-2.352988680338061e-7
0.44500000000000006	-2.343463921311953e-7
0.44999999999999996	-2.3300655034780724e-7
0.45500000000000007	-2.312341805284488e-7
0.45999999999999996	-2.289841205179271e-7
0.4650000000000001	-2.2621120793900444e-7
0.47	-2.2287028085853258e-7
0.4750000000000001	-2.189161771213183e-7
0.48	-2.1412401418707548e-7
0.4850000000000001	-2.0687436624543998e-7
0.49	-1.9665769204587317e-7
0.4950000000000001	-1.828914600093846e-7
0.5	-1.6379371989252516e-7
0.5050000000000001	-1.3748829310660457e-7
0.51	-1.0126280463977285e-7
0.5150000000000001	-5.091628670381105e-8
0.52	1.8101344776101397e-8
0.5250000000000001	1.1366307978987807e-7
0.53	2.460491053283605e-7
0.5350000000000001	4.271273239675144e-7
0.54	6.790203573954321e-7
0.5449999999999999	1.027217449231985e-6
0.55	1.503617027730122e-6
0.5549999999999999	2.1669672855824745e-6
0.56	3.0819459759574175e-6
0.565	4.333087542126931e-6
0.5700000000000001	6.078695334267815e-6
0.575	8.490761313583229e-6
0.5800000000000001	0.000011781546469333158
0.585	0.000016368255990145507
0.5900000000000001	0.000022722062960243305
0.595	0.00003136363396517153
0.6000000000000001	0.00004338930000659212
0.605	0.00006014543143694634
0.6100000000000001	0.00008299053872607939
0.615	0.00011446060340980176
0.6200000000000001	0.0001584750603784075
0.625	0.00021903029020439355
0.6300000000000001	0.00030211357190168976
0.635	0.0004176083972898619
0.6400000000000001	0.0005761317379445003
0.645	0.0007951354499076135
0.6500000000000001	0.001098586883330722
0.655	0.0015112238138468015
0.6600000000000001	0.0020845793719649914
0.665	0.0028838505941924317
0.6699999999999999	0.003970035635851361
0.675	0.005446400564973773
0.6799999999999999	0.007516499400700573
0.685	0.010391516769234579
0.69	0.014293863044902924
0.6950000000000001	0.01961939269027809
0.7	0.02689359398980968
0.7050000000000001	0.03672334799860388
0.71	0.04999761933844633
0.7150000000000001	0.0676977562813457
0.72	0.09104563286490006
0.7250000000000001	0.1213649731009868
0.73	0.1599386446034583
0.7350000000000001	0.2077786591997305
0.74	0.2652474406652741
0.7450000000000001	0.33169246803706454
0.75	0.4052292900613748
0.7550000000000001	0.4827574895368454
0.76	0.5604216301797658
0.7650000000000001	0.6343430025478587
0.77	0.7013542333634802
0.7750000000000001	0.7594687752865404
0.78	0.8079628890180788
0.7850000000000001	0.8471451782459498
0.79	0.8779868401388958
0.7949999999999999	0.9017677663778021
0.8	0.9198143247768464
0.8049999999999999	0.9333442660673616
0.81	0.9433960974532969
0.815	0.9508135136613579
0.8200000000000001	0.9562597603933907
0.825	0.9602439951181667
0.8300000000000001	0.9631508166404918
0.835	0.9652671227239853
0.8400000000000001	0.9668060565053793
0.845	0.9679238520025957
0.8500000000000001	0.9687351879743624
0.855	0.9693237363957974
0.8600000000000001	0.9697506554896914
0.865	0.970059955583331
0.8700000000000001	0.9702842450232488
0.875	0.9704466836836557
0.8800000000000001	0.9705645833098682
0.885	0.9706495840037734
0.8900000000000001	0.9707114120078488
0.895	0.9707561584577686
0.9000000000000001	0.9707885880850239
0.905	0.9708120815774872
0.9100000000000001	0.9708290867415573
0.915	0.9708415014709797
0.9199999999999999	0.9708504898165702
0.925	0.9708568797625424
0.9299999999999999	0.970861498472435
0.935	0.97086493033208
0.94	0.9708673993486193
0.9450000000000001	0.9708691489948609
0.95	0.9708704216577851
0.9550000000000001	0.9708713745991228
0.96	0.9708720642574679
0.9650000000000001	0.9708725486641574
0.97	0.9708728858505288
0.9750000000000001	0.9708731337240745
0.98	0.9708733234584787
0.9850000000000001	0.970873460577649
0.99	0.9708735567791704
0.9950000000000001	0.9708736237606275
1.	0.970873673219605