1.2208811739355951e-9
1.220880174734873e-9
1.220878509400336e-9
1.2208769550881016e-9
1.2208749566866572e-9
1.2208728472629105e-9
1.2208707378391637e-9
1.2208685173931144e-9
1.2208661859247627e-9
1.220863854456411e-9
1.2208616340103617e-9
1.220859524586615e-9
1.2208573041405657e-9
1.2208554167614238e-9
1.2208345445685609e-9
1.2208523081369549e-9
1.2208511979139303e-9
1.220850642802418e-9
1.220850198713208e-9
1.220850420757813e-9
1.2208507538247204e-9
1.22085208609235e-9
1.220853751426887e-9
1.220856193917541e-9
1.2208588584528002e-9
1.2208625221887814e-9
1.2208670741031824e-9
1.2208716260175834e-9
1.2208769550881016e-9
1.220882839270132e-9
1.2208889454967675e-9
1.2208959399018227e-9
1.2209031563514827e-9
1.2209104838234452e-9
1.2209178112954078e-9
1.2209250277450678e-9
1.2209323552170304e-9
6.150757680956076e-10
1.2209456778933259e-9
1.220951451053054e-9
1.2209565580789672e-9
1.2209611099933682e-9
1.2209643296401396e-9
1.2209659949746765e-9
1.2209668831530962e-9
1.220966105996979e-9
1.2209638855509297e-9
1.2209604438595534e-9
1.220955558878245e-9
1.2209486754954924e-9
1.2209405708674126e-9
1.220930356815586e-9
1.2209194766299447e-9
1.220907042132069e-9
1.2208939415003783e-9
1.2208795086010582e-9
1.2208645205902258e-9
1.220848977467881e-9
1.2208335453678387e-9
1.220818002245494e-9
1.2208024591231492e-9
1.220788026223829e-9
1.2207745925252311e-9
1.2273726479605784e-9
1.216781009283352e-9
1.2089834688921997e-9
1.2208789534895459e-9
1.2208786204226385e-9
1.2208778432665213e-9
1.2208776212219163e-9
1.2208768440657991e-9
1.2208760669096819e-9
1.2208752897535646e-9
1.22087417953054e-9
1.220872958285213e-9
1.220871292950676e-9
1.2208690725046267e-9
1.2207871380454094e-9
1.220863854456411e-9
1.2208605237873371e-9
1.220856638006751e-9
1.2208515309808377e-9
1.2208455357765047e-9
1.220838874438357e-9
1.220923140365926e-9
1.2209323552170304e-9
1.2209371291760363e-9
1.2209727673351267e-9
1.221213574709168e-9
1.2213704492225474e-9
1.2214570466184682e-9
1.2214859124171085e-9
1.2214681488487145e-9
1.2212374445041974e-9
1.2211565092457022e-9
1.2210548128166465e-9
1.2209354638414993e-9
1.2208020150339394e-9
1.2206546884385716e-9
1.2204948163230256e-9
1.2203217325534865e-9
6.370451310910852e-8
1.2199290466696766e-9
1.2197032273064679e-9
1.2194542042820444e-9
1.2191769815927955e-9
1.2188671183466226e-9
1.2185188413837977e-9
1.218125711410778e-9
1.2176819552678353e-9
1.217180689572217e-9
1.2166130325397262e-9
1.2159712126091904e-9
1.2152457928849003e-9
1.2144283356718688e-9
1.2135075166952447e-9
1.212327793709278e-9
1.2111720515406432e-9
1.209879862962282e-9
1.208439126543226e-9
1.2068347432503401e-9
1.2050525022289094e-9
1.203076416267379e-9
1.200892496555639e-9
1.1985304970707489e-9
1.1958656287447411e-9
1.1929448540115573e-9
1.1897540730387846e-9
1.1862789639494054e-9
1.1825056489556118e-9
1.1784230258271577e-9
1.1740199923337968e-9
1.1692897761150789e-9
1.1642257158328562e-9
1.158826701264104e-9
1.1530949528548717e-9
1.1470357996756775e-9
1.1406611211128848e-9
1.1339885697125851e-9
1.1270412381136907e-9
7.61402385585086e-10
8.16412604187633e-10
8.686973362870276e-10
9.174263571054553e-10
9.620909624530327e-10
1.0024788776874516e-9
1.0384407778118998e-9
1.0701149966152457e-9
1.097697599483638e-9
1.121455595054499e-9
1.141701733153866e-9
1.158771745224385e-9
1.1729883730993151e-9
1.184773834594921e-9
1.1943503963607327e-9
1.2020573425530756e-9
1.2081740052849455e-9
1.2129518500714198e-9
1.2166158080972878e-9
1.2193641651947473e-9
1.2213677846872883e-9
1.2227747703263958e-9
1.2237107993584573e-9
1.2242808988816023e-9
1.224571777314054e-9
1.2246557101747158e-9
1.224589540882448e-9
1.2244202318711928e-9
1.2241833102777377e-9
1.2238952074028475e-9
1.2236035518142785e-9
1.2233084545343331e-9
1.2230206847263503e-9
1.2227471257730826e-9
1.2224926626558386e-9
1.2222597378652722e-9
1.2220487954905934e-9
1.2218599465541047e-9
1.2216916367435715e-9
1.2215738420806588e-9
1.2214477207450614e-9
1.2213372535541112e-9
1.2212396649502466e-9
1.221154066755048e-9
1.2210773503440464e-9
1.2210094046949393e-9
1.2209484534508874e-9
1.2208940525226808e-9
8.631414472048959e-10
1.026160600936521e-9
1.1476950501077e-9
1.23606103130669e-9
1.2981816732704488e-9
1.3397815079585484e-9
1.3655203634499458e-9
1.379298231185544e-9
1.384158343498143e-9
1.3825667277700404e-9
1.3764739348332e-9
1.3674053001011544e-9
1.3565386591807282e-9
1.344769184896677e-9
1.3327665637774544e-9
1.321019849065408e-9
1.3103315099627366e-9
1.3000311938071718e-9
1.2907396262917814e-9
1.2825651651837688e-9
1.275580752135852e-9
1.269837790474071e-9
0.
1.2622720646504604e-9
1.2605768651141602e-9
1.2604020049877818e-9
1.2618956990451125e-9
1.2652607850327513e-9
1.2707733754169226e-9
1.2787962910820738e-9
1.289801931925183e-9
1.304396146650788e-9
1.3233494300379789e-9
1.3476326721217902e-9
1.3784610120026741e-9
1.4173514584214786e-9
1.4661871716725727e-9
1.5273013964645088e-9
1.6035747174569792e-9
1.6985584050388525e-9
1.816619854544399e-9
1.963122109316373e-9
2.1446391329504877e-9
2.3698617512835085e-9
2.6473255809733587e-9
2.98967928191729e-9
3.4115503755316468e-9
3.930742287217015e-9
4.401705999690364e-9
5.157895999197137e-9
6.10254857758008e-9
7.271675150910539e-9
8.704768017508968e-9
1.0474228817614062e-8
1.2625725798187659e-8
1.524761006344022e-8
1.8437153137540463e-8
2.2311539171759875e-8
2.701159906859374e-8
3.270624138185241e-8
3.959767180816698e-8
4.792755758931122e-8
5.798427615832935e-8
7.01114255541313e-8
8.471781354213448e-8
1.0228914326670946e-7
1.2340167721003326e-7
1.4873817977267834e-7
1.7910649796615274e-7
2.154611660198924e-7
2.589285135190522e-7
3.108357740089218e-7
3.727447926982208e-7
4.464909958423746e-7
5.342283776466061e-7
6.384813359128216e-7
7.622039841503891e-7
9.088501310428043e-7
1.0824496557981789e-6
1.2877006022593562e-6
1.5300695047626434e-6
1.8159124075545208e-6
2.1526063395116424e-6
2.5487023581627355e-6
3.0140986739812803e-6
3.560236917055093e-6
4.200324764447316e-6
4.9495868565951895e-6
5.825548622495624e-6
6.848355749267121e-6
8.041133528036148e-6
9.430390327525018e-6
0.000011046469810316317
0.000012924056918550697
0.000015102743026074172
0.00001762765606005967
0.000020550161808796652
0.000023928643063442223
0.000027829363647979832
0.000032327424844713626
0.000037507822118421075
0.000043466610485709545
0.00005031218725126685
0.00005816670123459655
0.00006716759794445082
0.00007746931593821671
0.00008924511082386566
0.00010268910335342607
0.00011801844404246697
0.00013547569450533814
0.0001553314080924295
0.00017788689878261987
0.0002034772500814075
0.0002324745395868577
0.0002652913032663573
0.00030238424549322573
0.0003442582027098906
0.0003914703676025644
0.00044463477948186725
0.0005044270851952692
0.0005715895732764098
0.000646936482222138
0.0007313595817081131
0.0008258340232450978
0.0009314244542155681
0.0010492913864065256
0.0011806978070828533
0.0013270160173221024
0.0014897346787510202
0.0016704660460118426
0.001870953358253713
0.002093078358682998
0.002338868906789915
0.0026105066432452473
0.002910334662760916
0.0032408651453585957
0.0036048645086941278
0.0040049725123809665
0.00444448654052676
0.004926590400264996
0.005454750820101939
0.006032644951772026
0.006664166109108249
0.00735342870914002
0.00810477251668651
0.008922766100618595
0.009812209407759176
0.010778135358804786
0.011825810369843093
0.012960733703000327
0.014188635550607676
0.015515473763217602
0.01694742910615088
0.018490899016695428
0.020152489697172316
0.021939006557103458
0.02385744283053659
0.025914966427716846
0.0281189048697148
0.030476728326369495
0.03299603070199475
0.03568450876340601
0.03854993930794248
0.041600154385935784
0.04484301460809148
0.048286380585067956
0.051938082564011334
0.05580588834482847
0.059897469577358864
0.0642203665592258
0.06878195167277656
0.07358939161801425
0.07864960864898862
0.08396924080974333
0.08955460184672215
0.09541164052850881
0.10154590122933316
0.10796247699986672
0.11466597881122431
0.12166048926932027
0.12894952543915716
0.13653600121281562
0.14442219116916277
0.15260969621732245
0.16109941131424932
0.16989149554235028
0.17898534482602313
0.18837956755613627
0.19807196337888522
0.20805950539015228
0.21833832595854996
0.2289509535883555
0.23979854382769383
0.2508709827548652
0.2622591498795913
0.2739583818781809
0.28585686879024774
0.29794155552225743
0.3103089836027003
0.32289472358106985
0.33568663092045337
0.3486718428827491
0.3618368157968217
0.3751673663163452
0.3886487164640843
0.4022655422392071
0.41600202550039367
0.42984190886753826
0.44376855330055387
0.4577649980266584
0.4718140224552142
0.48589820970373354
0.5000000113447085
0.5141018129722927
0.5281860001806946
0.5422350245425802
0.5562314691757505
0.5701581134899694
0.583997996712975
0.5977344798053081
0.6113513053876073
0.6248326553211727
0.638163205602805
0.6513281782579063
0.6643133899414908
0.6771052969833542
0.6896910366469517
0.7020584643968455
0.7141961870083386
0.7260935913828273
0.7377408689678986
0.7491290357154772
0.7602499475457453
0.7710963113185452
0.7816616913471828
0.7919405115217555
0.8019280531399131
0.8116204485721747
0.8210146709162429
0.8301085198199891
0.8389006036757585
0.8473903184091531
0.8555778231034248
0.8634640127159139
0.8710504881555516
0.8783395240002965
0.8853340341404519
0.8920375356381947
0.8984541110953671
0.9045883698207229
0.9104454080845323
0.9160307687428052
0.9213504005056065
0.9264106171141454
0.9312180566797109
0.9357796414243214
0.9401025380483204
0.9441941189343376
0.9480619243802222
0.9517136260359842
0.9551569917016473
0.958399851624425
0.9614500664149941
0.9643154966840349
0.9670039744818103
0.9695232766055508
0.971881099821927
0.974085038035075
0.9761425614146245
0.9780609974830436
0.9798475141474734
0.9815091046365342
0.9830525743750061
0.9844845295550045
0.9858113676101034
0.987039269313123
0.9881741925102205
0.9892218673934531
0.9901877932246557
0.9910772364196119
0.9918952298987056
0.992646573608439
0.9933358361173608
0.9939673571899651
0.9945452512429585
0.9950734115898541
0.9955555153820711
0.9959950291575199
0.9963952149109603
0.9967591366041504
0.9970896670379025
0.997389495012535
0.9976611327078075
0.9979069232181805
0.9981290481840859
0.9983295354647844
0.9985102668032667
0.9986729854384757
0.99881930362486
0.998950710023863
0.9990685769363904
0.9991741673495458
0.9992686417749647
0.9993530648598881
0.9994284117556954
0.9994955742319392
0.9995553665270029
0.9996085309293146
0.9996557430856232
0.9996976170351499
0.9997347099704968
0.9997675267280303
0.9997965240120529
0.9998221143584674
0.9998446698448124
0.999864525554539
0.9998819828041996
0.999897312142865
0.9999107561335705
0.9999225319269397
0.9999328336373602
0.9999418345321942
0.9999496890445199
0.9999565346198208
0.9999624934068932
0.999967673803022
0.9999721718632041
0.9999760725828877
0.9999794510633384
0.9999823735683668
0.9999848984807498
0.9999870771662639
0.9999889547528236
0.9999905708317909
0.9999919600880971
0.9999931528653933
0.9999941756720347
0.999995051633302
0.9999958008948677
0.9999964409821466
0.9999969871198064
0.9999974525153736
0.999997848610545
0.99999818530351
0.9999984711453013
0.9999987135129197
0.999998918761733
0.9999990923594071
0.9999992390034206
0.9999993627240049
0.9999994669741756
0.9999995547083466
0.999999628450865
0.9999996903556676
0.9999997422581208
0.9999997857200191
0.9999998220685287
0.9999998524299247
0.9999998777586921
0.9999998988626332
0.9999999164244832
0.9999999310204929
0.9999999431363801
0.9999999531809993
0.9999999614980419
0.9999999683760324
0.9999999740568571
0.9999999787430311
0.9999999826038783
0.9999999857807816
0.9999999883916356
0.9999999905346169
0.9999999922913723
0.9999999937297119
0.9999999949058783
0.9999999958664578
0.9999999966499867
0.9999999972883
0.9999999978076618
0.9999999982297112
0.9999999985722532
0.9999999988499183
0.999999999074713
0.9999999992564772
0.9999999994032642
0.9999999995216566
0.9999999996170279
0.9999999996937584
0.9999999997554145
0.9999999998048958
0.9999999998445569
0.9999999998763068
0.999999999901692
0.999999999921963
0.9999999999381298
0.9999999999510073
0.999999999961252
0.9999999999693919
0.9999999999758515
0.9999999999809711
0.9999999999850238
0.9999999999882276
0.9999999999907575
0.9999999999927526
0.9999999999943239
0.9999999999955601
0.9999999999965312
0.9999999999972933
0.9999999999978906
0.999999999998358
0.9999999999987235
0.9999999999990088
0.9999999999992313
0.9999999999994046
0.9999999999995394
0.9999999999996441
0.9999999999997253
0.9999999999997883
0.999999999999837
0.9999999999998747
0.9999999999999037
0.9999999999999262
0.9999999999999435
0.9999999999999567
0.9999999999999669
0.9999999999999748
0.9999999999999808
0.9999999999999853
0.9999999999999889
0.9999999999999916
0.9999999999999936
0.9999999999999951
0.9999999999999963
0.9999999999999972
0.9999999999999979
0.9999999999999984
0.9999999999999988
0.9999999999999991
0.9999999999999993
0.9999999999999994
0.9999999999999997
0.9999999999999997
0.9999999999999998
0.9999999999999999
0.9999999999999999
0.9999999999999999
0.9999999999999999
1.
1.
1.
1.
1.
1.
1.
1.
1.
1.
1.
1.
1.
1.
1.
1.
1.
1.
1.
1.
1.
1.
1.
1.
1.
1.
1.
1.
1.
1.
1.
1.
1.
1.
1.
1.
1.
1.
1.
1.
1.
1.
1.
1.
1.
1.
1.
1.
1.
1.
1.
1.
1.
1.
1.
1.
1.
1.
1.
1.
1.
1.
1.
1.
1.
1.
1.
1.
1.
1.
1.
1.
1.
1.
1.
1.
1.
1.
1.
1.
1.
1.
1.
1.
1.
1.
1.
1.
1.
1.
1.
1.
1.
1.
1.
1.
1.
1.
1.
1.
1.
1.
1.
1.
1.
1.
1.
1.
1.
1.
1.
1.
1.
1.
1.
1.
1.
1.
1.
1.
1.
1.
1.
1.
1.
1.
1.
1.
1.
1.
1.
1.
1.
1.
1.
1.
1.
1.
1.
1.
1.
1.
1.
1.
1.
1.
1.
1.
1.
1.
1.
1.
1.
1.
1.
1.
1.
1.
1.
1.
1.
1.
1.
1.
1.
1.