1.0442755657122589e-45
1.7242728737141017e-45
2.8443457198687444e-45
1.1588787209964905e-52
2.322761192111148e-52
4.644502718473051e-52
9.264497391559496e-52
1.843375064608148e-51
3.659245532923042e-51
7.24606082319427e-51
1.431192168070848e-50
2.820156837858087e-50
5.543259944208792e-50
1.086090222567472e-49
7.241964676211795e-47
1.354608207310514e-46
2.527253589155279e-46
4.703663874584461e-46
8.733320517671618e-46
1.617620415688443e-45
2.9874947096578684e-45
5.5094790607082475e-45
1.0130926843759082e-44
1.8584651402100964e-44
3.4007275263797776e-44
1.3318178484991809e-48
2.6179345847821032e-48
5.13329407603624e-48
9.812470530567647e-48
1.9594603801417877e-47
3.8139902755048145e-47
7.405847895517075e-47
1.4344654836061254e-46
2.7717450975283743e-46
5.3426032694733035e-46
1.0272517142483194e-45
1.9703454760386385e-45
3.770215097022675e-45
6.952904830356228e-49
1.394081860647134e-48
2.9626896529930594e-42
2.9626896529930594e-42
2.9626896529930594e-42
2.9626896529930594e-42
2.9626896529930606e-42
3.737294860852321e-39
4.9660124514416956e-39
6.541700718575703e-39
9.209889099188927e-39
1.1161305664969199e-38
1.6428284575644463e-38
2.2187234076835482e-38
2.9585783020498615e-38
3.872508016389472e-38
5.228629602089032e-38
6.894829254517537e-38
7.713018081418106e-38
7.713018081418106e-38
7.713018081418106e-38
7.713018081418106e-38
2.7190215970470816e-37
3.549233782239232e-37
4.031412477475757e-37
5.871706495165798e-37
7.718664866849483e-37
1.00464976844642e-36
1.2961203674616669e-36
1.667262953006537e-36
1.6767939390958878e-36
2.7209374727906028e-36
3.4979564289329804e-36
4.307227342270561e-36
5.663186602802321e-36
7.150665309254493e-36
9.081565604558828e-36
1.1460327230535594e-35
1.442537878396669e-35
1.6999040696716462e-35
1.6999040696716462e-35
1.699904069671651e-35
1.699904069671651e-35
1.699904069671651e-35
5.45280252515934e-35
6.744685594572418e-35
8.288224721226859e-35
1.0118745114695337e-34
1.0118745114695337e-34
1.4820142529067083e-34
1.8945749945557514e-34
2.123628082189021e-34
2.8148969890995984e-34
3.4189156014692897e-34
4.1094209739510494e-34
4.109420995335591e-34
6.039281727791522e-34
7.265822480375478e-34
8.721711857566187e-34
1.0394169325491196e-33
1.2478265871456041e-33
1.4872219291571144e-33
1.768507953180596e-33
2.0299188625641782e-33
2.4832199269398863e-33
2.9322613468505918e-33
3.1247820358214286e-33
3.1247820358214286e-33
3.1247820358214286e-33
3.1247820358214286e-33
3.1247820358214286e-33
3.1247820358214286e-33
3.1247820358214286e-33
3.1247820358214286e-33
3.1247820358214286e-33
3.1247820358214286e-33
3.1247820358214286e-33
1.7994191246334103e-32
2.062562217994395e-32
2.3585447139137546e-32
2.6908486298279133e-32
3.0566547297989e-32
3.2183942499725564e-32
3.2183942499725564e-32
4.457884440481823e-32
5.029393864495772e-32
5.563723554988421e-32
5.666217756588984e-23
7.77770224347046e-23
1.0653924894610828e-22
1.4564842634034652e-22
1.987584309690262e-22
2.7027361484467504e-22
3.6765681035689e-22
4.985732167906464e-22
6.746316522931912e-22
9.109493067333343e-22
1.227466160999706e-21
1.6489643256690145e-21
2.214658570022271e-21
2.965503686411803e-21
3.962383231909269e-21
5.283158007497522e-21
7.028751933588657e-21
9.33222154475097e-21
1.2363442399935705e-20
1.634412613444727e-20
2.1559952382913174e-20
2.837849127898618e-20
3.726596730714657e-20
4.885332195980767e-20
6.388915799454327e-20
8.336983360352014e-20
1.0853741806116497e-19
1.4099003800107626e-19
1.8284693738975299e-19
2.3651316484415537e-19
3.053149968339112e-19
3.1340762045551232e-18
4.249504761885911e-18
5.8093530697345875e-18
7.87337334054454e-18
1.0628105592858599e-17
1.381740770996855e-17
1.8485918381719122e-17
2.537893933520965e-17
3.557265642343626e-17
4.780485749662538e-17
6.406299713784764e-17
8.558963754234982e-17
1.1603303144234845e-16
1.5541081989243967e-16
2.0783590356138266e-16
2.776703066440443e-16
3.703810002109408e-16
4.93515924588622e-16
6.7255700594115245e-16
8.929977581559944e-16
1.1865018052723711e-15
1.5714948012217291e-15
2.0774503349559782e-15
2.7629925455690597e-15
3.669364269481184e-15
4.840297489807343e-15
6.4141428199358775e-15
8.449194994086515e-15
1.1113320077343648e-14
1.453605295081501e-14
1.9136395474913377e-14
2.51105037353225e-14
3.287683918666893e-14
4.322551323605619e-14
5.647870187542054e-14
7.366057076082817e-14
9.583269950315767e-14
1.251475799436414e-13
1.6273373967277102e-13
2.1132583233226237e-13
2.738895632034507e-13
3.5513734482882383e-13
4.594648461357719e-13
5.9350480221744e-13
2.9762672935567082e-15
3.4677443135777235e-15
4.031414031928882e-15
4.676422214680147e-15
1.7383436845945155e-12
2.206395729376572e-12
2.7909836096009613e-12
3.5335630336644324e-12
4.4630696222648325e-12
7.216694978299471e-12
9.194619812499504e-12
1.1707286569468827e-11
1.4876474234254678e-11
1.890796337979025e-11
2.3968082821762644e-11
3.0371204891299865e-11
3.842139988900939e-11
4.853965583625144e-11
6.124814717149798e-11
7.713563111837029e-11
9.710829249878693e-11
1.2198006076803093e-10
1.5316727487954108e-10
1.9199906403001305e-10
2.403257517219273e-10
3.004843115569433e-10
3.7513685053683074e-10
4.674315672215526e-10
5.793488145663419e-10
7.240218579015987e-10
8.989975317713093e-10
1.1148837634750594e-9
1.3805742240033442e-9
1.7058632945298796e-9
2.107555563395911e-9
2.598894752791902e-9
3.2003554331619864e-9
3.9347188675428984e-9
4.8321490524193406e-9
5.919816253994591e-9
7.2532867101178955e-9
8.867079576877577e-9
1.082339295926072e-8
1.3153699580897352e-8
1.604491218857153e-8
1.9467895787336552e-8
2.368010912114648e-8
2.8685446399962435e-8
3.470098592100307e-8
4.190604897556585e-8
5.054884810066253e-8
6.085312975666267e-8
7.316336259243842e-8
8.781393904986519e-8
1.0512621949248612e-7
1.2527673648206573e-7
1.5031922184259708e-7
1.7935576715001404e-7
2.1345816110765842e-7
2.5381077819930827e-7
3.0113208810395805e-7
3.5682881458244536e-7
5.327056805429189e-7
6.368142595894027e-7
7.606853939870738e-7
9.072355937857081e-7
1.0809195772069938e-6
1.285753783943453e-6
1.5278880950621258e-6
1.811887763950816e-6
2.1396872587966156e-6
2.5450405011051782e-6
3.0097539967636938e-6
3.5537864776914806e-6
4.193378804346017e-6
4.940850361660005e-6
5.818994630010036e-6
6.840625199832455e-6
8.030662038934076e-6
9.417651768132676e-6
0.000011030001261902457
0.00001286774255861745
0.000014956278982018455
0.000017482598860809937
0.00002040376964487163
0.00002385469575997469
0.000027662748308292305
0.000032231553593741395
0.000037385777275462264
0.00004346144520441005
0.000050194184462608546
0.00005815719871661417
0.00006716127100001746
0.00007744515040510154
0.00008922847262353808
0.00010265207006177856
0.00011798072006609894
0.00013523937539678703
0.0001552438870878726
0.0001778543120669457
0.0002034430737280806
0.00023241959999743247
0.00026517457199071707
0.0003022848846543685
0.0003441426364173941
0.0003912997345029388
0.0004444410556482452
0.0005040402417139072
0.0005701601534623981
0.0006428463329667334
0.0007297763596996102
0.0008250991466448867
0.0009292775720478867
0.0010481154367816363
0.001179305943290634
0.001324737675387861
0.0014861925356257726
0.001670331422660245
0.001870886402250949
0.002093111141046879
0.0023360922292691997
0.0026075920848881206
0.002903172664583159
0.0032342960675403568
0.0036002303476362603
0.004003980056213406
0.0044396394681884286
0.004926139266478943
0.005454830050588492
0.006030637792616213
0.006664795315370921
0.007353245299664864
0.008104452861072193
0.008922754929599612
0.009804893006543174
0.01077194013385734
0.011825946191950291
0.01296056655399937
0.014186990603064754
0.015515482347844611
0.016947510253888586
0.01848320257492011
0.020126307118606763
0.021927255369204562
0.02384779253908437
0.02590615446120775
0.028108688964364623
0.030456752119094616
0.03297514872609104
0.03566499500845274
0.038525429562147384
0.04157112684844726
0.04481116351895812
0.0482452821352585
0.051890005122996095
0.05570991677905279
0.05989724530186139
0.06421937627480676
0.0687778514958908
0.0735889405288264
0.07864750623274835
0.08388946272454921
0.08948888356789808
0.09537200177468638
0.10154574254961647
0.10793220134495972
0.11466477485370931
0.12164993698928955
0.12894644394404448
0.1365265923873992
0.14441942329149923
0.15260182888831247
0.1611004189824526
0.16988826681159774
0.17886847807295433
0.18833536419326113
0.19802006724727847
0.2080596962809449
0.21824269416838607
0.22888321578009463
0.23974582371667502
0.2506252403803307
0.26219829638737724
0.27390603392353674
0.28580580302666536
0.2979414972240011
0.3103087660544838
0.32282584338207415
0.3355767372467728
0.3486526878978839
0.36183083775356456
0.3751546919911034
0.38864745601996853
0.4022617037174749
0.4160016735605046
0.42980560626707914
0.4437535307811898
0.45776570162235136
0.47180864912881315
0.4858747793257245
0.5000000101462824
0.5137558919875049
0.528139409530003
0.5421761599803049
0.5562200406126806
0.5701219657514834
0.5839854666718574
0.5977089333207353
0.6113193148843814
0.624824379109954
0.6381621143978874
0.6512962731378492
0.6642984138922414
0.677079631830915
0.6896369985289758
0.7020376790265158
0.7141595929640991
0.7260701124128379
0.7377132385696223
0.7490629553243341
0.7602139701227774
0.7708216802898701
0.7815630260984961
0.7918935367450318
0.8018976929346587
0.8115830082230583
0.8209650850056429
0.8300448545959074
0.8388484127881438
0.8473358311527847
0.8555194605707794
0.8634023787012304
0.8709785002484243
0.8782611677930753
0.8852073206350058
0.8919390741283734
0.8983489417794707
0.9044798364420933
0.9103120246449771
0.9158974996843151
0.9212051887594963
0.9261817374494483
0.9310089224680077
0.9357605769203394
0.9400983247900578
0.9442011532170932
0.9480514625251842
0.9517132407430718
0.9551514845848932
0.9583964952752146
0.9614444895072282
0.9643111511850134
0.9670020111755504
0.9695246462423651
0.9718538846702314
0.9740790373663276
0.9761391706435101
0.9780597037362224
0.9798475523584785
0.9815081657619901
0.9830516669957761
0.984477956658064
0.9857945284609141
0.9870326414235913
0.988170628212408
0.9892204607376096
0.9901870282224676
0.9910754876530774
0.9918912937941439
0.9926467306192213
0.9933353842046807
0.993967348570555
0.994545057401471
0.9950733601057697
0.9955554981268173
0.9959948810059058
0.9963950237966024
0.9967598513339881
0.9970876757461606
0.9973896117388555
0.9976611853300786
0.9979041639738429
0.9981239847520961
0.9983261681586969
0.9985083503463414
0.9986724220873386
0.998818964165087
0.9989492436037269
0.999068551435379
0.9991741529510754
0.9992688540389288
0.9993531253332245
0.9994283858277868
0.9994957258946782
0.999554982324071
0.9996071878601795
0.9996557826896575
0.999697623781703
0.9997348359164424
0.9997674584338986
0.9997965454465718
0.999822077561261
0.9998447020627448
0.999864592568431
0.999882051574575
0.99989733275104
0.9999107863953622
0.9999225800972431
0.9999328213985557
0.9999418574666744
0.9999497966052686
0.9999565896343351
0.9999625064719305
0.9999677067597729
0.9999721917639783
0.9999760635885042
0.9999795126826971
0.9999824332256791
0.9999849057373642
0.9999871480918686
0.9999890323176465
0.9999905842924335
0.9999919327692318
0.9999931732617618
0.9999941452580077
0.9999950758718914
0.9999958407126227
0.9999964773961878
0.9999970379586953
0.9999974478163848
0.9999979274602606
0.9999982767614225
0.9999985227788369
0.9999987132246564
0.999998948920972
0.999999151446677
0.9999994137517422
0.9999994628934059
0.9999995587312214
0.9999996445024627
0.9999996554939979
0.9999996846088298
0.9999997124260653
0.9999997778376255
0.9999997907286133
0.9999998070471003
0.999999810733274
0.9999998274468921
0.9999999226126849
0.9999999374621512
0.9999999374621509
0.9999999374624507
0.9999999383872942
0.9999999974640114
0.9999999958514808
1.0000000003558764
1.0000000048072895
1.0000000048072897
1.000000011311969
1.0000000141471124
1.0000000162736242
1.000000016273624
1.000000016273624
1.0000000185643523
1.0000000185644369
1.0000000218731955
1.0000000222458763
1.0000000224955443
1.0000000224955443
1.0000000225978805
1.000000022636479
1.0000000231410353
1.0000000231927437
1.0000000231927437
1.0000000234800757
1.0000000236025863
1.000000023603072
1.000000023603072
1.0000000236109197
1.0000000237231694
1.0000000236415465
1.0000000236415463
1.0000000236415463
1.0000000236415463
1.0000000236415463
1.0000000236696123
1.0000000236696123
1.0000000236696123
1.0000000236696123
1.0000000236696123
1.0000000236740851
1.0000000236740851
1.000000023674472
1.000000023674472
1.0000000236762183
1.0000000236890432
1.0000000236890596
1.0000000236890598
1.0000000236890598
1.0000000236890632
1.0000000236890632
1.0000000236890632
1.0000000236890632
1.0000000236890672
1.0000000236890672
1.000000023689068
1.000000023689068
1.000000023689068
1.0000000236890678
1.0000000236890678
1.0000000236890927
1.0000000236890927
1.0000000236890927
1.0000000236890927
1.0000000236890927
1.0000000236890927
1.0000000236890934
1.0000000236890934
1.0000000236890934
1.0000000236890934
1.0000000236890934
1.0000000236891435
1.0000000236891433
1.0000000236891433
1.0000000236891435
1.0000000236891435
1.0000000236891435
1.0000000236891435
1.0000000236891435
1.0000000236891435
1.0000000236891435
1.0000000236891435
1.0000000236891435
1.0000000236891438
1.0000000236891438
1.0000000236891438
1.0000000236891438
1.0000000236891435
1.0000000236891435
1.0000000236891435
1.0000000236891435
1.0000000236891435
1.0000000236891435
1.0000000236891435
1.0000000236891435
1.0000000236891435
1.0000000236891435
1.0000000236891435
1.0000000236891435
1.0000000236891435
1.0000000236891435
1.0000000236891435
1.0000000236891435
1.0000000236891435
1.0000000236891435
1.0000000236891435
1.0000000236891435
1.0000000236891435
1.0000000236891435
1.0000000236891435
1.0000000236891435
1.0000000236891435
1.0000000236891435
1.0000000236891435
1.0000000236891435
1.0000000236891435
1.0000000236891435
1.0000000236891435
1.0000000236891435
1.0000000236891435
1.0000000236891435
1.0000000236891435
1.0000000236891435
1.0000000236891435
1.0000000236891435
1.0000000236891435
1.0000000236891435
1.0000000236891435
1.0000000236891435
1.0000000236891435
1.0000000236891435
1.0000000236891435
1.0000000236891435
1.0000000236891435
1.0000000236891435
1.0000000236891435
1.0000000236891435
1.0000000236891435
1.0000000236891435
1.0000000236891435
1.0000000236891435
1.0000000236891435
1.0000000236891435
1.0000000236891435
1.0000000236891435
1.0000000236891435
1.0000000236891435
1.0000000236891435
1.0000000236891435
1.0000000236891435
1.0000000236891435
1.0000000236891435
1.0000000236891435
1.0000000236891435
1.0000000236891435
1.0000000236891435
1.0000000236891435
1.0000000236891435
1.0000000236891435
1.0000000236891435
1.0000000236891435
1.0000000236891435
1.0000000236891435
1.0000000236891435
1.0000000236891435
1.0000000236891435
1.0000000236891435
1.0000000236891435
1.0000000236891435
1.0000000236891435
1.0000000236891435
1.0000000236891435
1.0000000236891435
1.0000000236891435
1.0000000236891435
1.0000000236891435
1.0000000236891435
1.0000000236891435
1.0000000236891435
1.0000000236891435
1.0000000236891435
1.0000000236891435
1.0000000236891435
1.0000000236891435
1.0000000236891435
1.0000000236891435
1.0000000236891435
1.0000000236891435
1.0000000236891435
1.0000000236891435
1.0000000236891435
1.0000000236891435
1.0000000236891435
1.0000000236891435
1.0000000236891435
1.0000000236891435
1.0000000236891435
1.0000000236891435
1.0000000236891435
1.0000000236891435
1.0000000236891435
1.0000000236891435
1.0000000236891435
1.0000000236891435
1.0000000236891435
1.0000000236891435
1.0000000236891435
1.0000000236891435
1.0000000236891435
1.0000000236891435
1.0000000236891435
1.0000000236891435
1.0000000236891435
1.0000000236891435
1.0000000236891435
1.0000000236891435
1.0000000236891435
1.0000000236891435
1.0000000236891435
1.0000000236891435
1.0000000236891435
1.0000000236891435
1.0000000236891435
1.0000000236891435
1.0000000236891435
1.0000000236891435
1.0000000236891435
1.0000000236891435
1.0000000236891435
1.0000000236891435
1.0000000236891435
1.0000000236891435
1.0000000236891435
1.0000000236891435
1.0000000236891435
1.0000000236891435
1.0000000236891435
1.0000000236891435
1.0000000236891435
1.0000000236891435
1.0000000236891435
1.0000000236891435
1.0000000236891435
1.0000000236891435
1.0000000236891435
1.0000000236891435
1.0000000236891435
1.0000000236891435
1.0000000236891435
1.0000000236891435
1.0000000236891435