0.001678829346480371
0.0029159497857104417
0.002377923463661934
0.0018539146140181808
0.0014145668119344829
0.0010766364088305293
0.0008281594671545168
0.000649044785362085
0.000520620606099371
0.00042833261474911166
0.00036164354877749755
0.00031316464055276475
0.00027777336793187527
0.0002519191826788826
0.00023312580139995927
0.00021964710566019954
0.00021024285831457124
0.00020400964377468295
0.0002002808943317471
0.0001985677372063578
0.0001984923942155274
0.00019976454309524963
0.00020215624520826786
0.00020548561660654042
0.0002096054427210335
0.00021439487943098408
0.00021975352469205935
0.0002255970299999583
0.0002318538533359011
0.00023846282383177523
0.0002453711986095089
0.00025253335674939385
0.0002599094796305113
0.00026746473914756734
0.0002751685949599165
0.00028299410775416817
0.0002909175157334593
0.0002989177892656178
0.00030697628400811936
0.0006297558619455292
0.0006460001626505463
0.0006622719261684624
0.0006785480369358983
0.0006948079359451011
0.0007110333858650658
0.0014415560612719655
0.0014731395796803977
0.0015045549669833547
0.0015357808999789883
0.0015667980520678363
0.001597589648837093
0.0016281409282707317
0.0016584391116889394
0.001688473116932199
0.0017182334079046614
0.0017477118107099131
0.0017769017355316612
0.0018057967264661183
0.001834392386355593
0.0018626852190589452
0.0018906716522056456
0.0019183494476616271
0.001945717118190216
0.001972773551034893
0.0019995187523702464
0.002025952029125033
0.0020520738487212666
0.002077885259989027
0.002103387315289151
0.0021285814658248492
0.002153469377166007
0.0021780531417361824
0.0022023347024094104
0.002226316672118132
0.00225000152231077
0.0022733918658953897
0.00229649049418281
0.0023193009411705706
0.002341824704307326
0.0023640663014853286
0.002386028424239089
0.0024077143110808113
0.002429127292199547
0.002450270443620173
0.002471147471377486
0.0024917609161873434
0.00251211519278836
0.0025322133143896143
0.0025520588799369443
0.002571654241379655
0.002591003825216849
0.0026101106185565334
0.0026289768453092973
0.0026476092664667063
0.0026660074132787643
0.0026841757844323485
0.002702118405749881
0.0027198372983839236
0.002737336420429248
0.0027546187080782717
0.002771687041702051