0.0016788293464803706
0.003560364435083108
0.0035380726726034206
0.0033483212843177135
0.003083778222457761
0.002812791002095024
0.0025711314690984805
0.0023721069834628738
0.00221740190660788
0.002103866220473646
0.0020269249345114307
0.001982051160105672
0.0019652906904877054
0.001973367741993089
0.002003624054414461
0.002053905738587255
0.0021224462705644017
0.0022077854062494497
0.002308581010188581
0.002423758095358469
0.0025522527181994097
0.0026930867367289646
0.0028453281544150106
0.0030080782507720598
0.0031804678493060623
0.0033616548265974788
0.0035508248708596233
0.003747193621746232
0.0039500087974327506
0.0041585526032788065
0.004372142789261953
0.0045901359588012966
0.004811925946176057
0.005036945234600813
0.005264665281510616
0.005494594450998539
0.0057262780734019065
0.00595929663617972
0.006193264022078089
0.006423775963020191
0.006658463265830751
0.006893122323576757
0.007127485387432633
0.007361309502345855
0.007594375047443335
0.015514560783270254
0.015968617277063148
0.01641990560781564
0.016868151193327994
0.01731310856096548
0.017754561352243743
0.01819231914196694
0.01862621578279789
0.019056106822396376
0.019481868125293667
0.019903393350549956
0.020320594683056383
0.020733396364895976
0.021141735483569228
0.0215455704448686
0.02194485858166478
0.022339573555711117
0.02272969917694181
0.023115226978710504
0.02349615774678646
0.02387249236063363
0.024244242935307816
0.024611427022729532
0.024974065962685418
0.025332185703493108
0.02568581600048425
0.026034990083780723
0.026379743633796655
0.026720116383694696
0.027056149253312897
0.02738788479199343
0.027715368387721144
0.028038652826794817
0.028357768687506005
0.028672781184919234
0.02898373501786689
0.029290680508937822
0.029593669504278528
0.029892751921833473
0.030187980331686275
0.030479400136010852
0.0307670777645275
0.03105105793073079
0.031331392457361947
0.03160813271790639
0.031881331078151755
0.032151039083931285
0.03241730691684374
0.032680188903533046
0.032939728087908855
0.03319597574521504
0.03344899157607722
0.03369881017683904
0.03394548797554414
0.034189071150628386
0.03442960451836908