0.4983211706535196
0.3522502177209183
0.23135490686823393
0.14399467868452537
0.08709310444789449
0.05226595257393829
0.03158543833863892
0.019410536696409245
0.012205467626866922
0.007882301291502592
0.005238606607455763
0.0035859912273410633
0.002528296462306656
0.0018348313558145973
0.0013691218144025999
0.001048946750454428
0.0008238301552614213
0.0006621149004777899
0.0005435609984809906
0.00045499855548203095
0.0003876554434020362
0.0003355969544755982
0.000294733582269587
0.00026219944258750155
0.00023595404467432787
0.00021452248137770146
0.00019682349859015047
0.00018205374227723124
0.00016960883302988581
0.0001590286416528761
0.00014995894308404348
0.00014212424044658247
0.00013530804786447486
0.00012933871176648887
0.00012407893342909448
0.00011941797268362256
0.00011526577610626927
0.00011154860894724506
0.00010820564565245046
0.00042048041909961904
0.00040953641232147975
0.00039957571501991957
0.0003904784695861504
0.0003821428437760896
0.0003744818801032501
0.0007283440803426873
0.0007152380385213379
0.0007030892209718248
0.0006918010971089253
0.0006812890329298705
0.0006714789826569272
0.0006623056687587211
0.0006537113258588723
0.0006456455312264728
0.0006380622601114527
0.0006309217615287956
0.0006241867368013475
0.0006178257689655801
0.0006118094397352633
0.0006061116326795923
0.0006007084323613429
0.0005955784064202365
0.0005907021057549424
0.0005860617985578309
0.0005816414786225193
0.0005774262201562332
0.0005734025431500816
0.0005695581753127681
0.0005658817435425863
0.0005623628399283682
0.0005589918052867957
0.0005557598501342533
0.0005526587134002294
0.0005496808833127786
0.000546819336787782
0.0005440675573770504
0.0005414194785692806
0.0005388696241972221
0.0005364124200558605
0.0005340433123491857
0.0005317576346194391
0.000529551143305794
0.0005274198575965176
0.0005253600304344797
0.0005233682294441168
0.0005214409939134988
0.0005195754947051551
0.0005177687679542177
0.000516018118229379
0.0005143208414118055
0.0005126746112342355
0.0005110771883049888
0.0005095261763345911
0.0005080202319753378
0.0005065566752751785
0.0005051340353206173
0.0005037505889744498
0.0005024045966239417
0.0005010946347469888
0.0004998192130165961
0.0004985769638818219