0.4983211706535196
0.6412734680582882
0.7627290969955007
0.8508030854171384
0.9084085505177134
0.9438446200151361
0.9650152707251081
0.977568311534766
0.9850565098604256
0.9895854998732746
0.9923728249092555
0.9941187929720006
0.9952286394792739
0.9959398817195135
0.9963941283297828
0.9966775004052981
0.9968434807158595
0.9969260900494981
0.9969475770969987
0.996922675611953
0.9968615994441828
0.9967715517657001
0.9966577820181072
0.9965242366900339
0.9963739726632985
0.9962094278125939
0.9960325981058583
0.9958451556059765
0.9956485285162014
0.9954439559312365
0.9952325270690445
0.9950152064440028
0.9947928565263289
0.9945662513144852
0.9943360871901004
0.9941029934685637
0.9938675386347583
0.9936302369656074
0.9933915540482614
0.9925259877559346
0.9922860001591971
0.9920450300352348
0.9918034881060455
0.9915617397179327
0.9913201096865885
0.9823155390751152
0.9818430051047352
0.9813724502042293
0.9809042668095841
0.9804388043540369
0.9799763700162623
0.9795172342610037
0.9790616337796542
0.9786097745294449
0.9781618362066902
0.9777179730772113
0.9772783168446106
0.9768429811396723
0.97641206269034
0.9759856327033929
0.9755637613337681
0.9751464985902071
0.9747338815991131
0.9743259376716967
0.9739226820222205
0.9735241293900851
0.9731302806728207
0.9727411295419686
0.9723566649784828
0.9719768699907535
0.9716017228170629
0.9712311969243487
0.9708652629503938
0.9705038860608743
0.9701470298875886
0.9697946557847341
0.9694467216395268
0.9691031766078372
0.9687639941881309
0.9684291092012463
0.9680984789232745
0.9677720540366755
0.9674497833459254
0.9671316176041119
0.9668175039674921
0.9665073979538883
0.9662012315479789
0.9658989599869254
0.9656005305444716
0.9653058921993023
0.9650149904853971
0.9647277731092072
0.9644441900615122
0.9641641815980249
0.9638877078235372
0.963614714435032
0.9633451394291985
0.9630789479281532
0.9628160809692796
0.9625564909282768
0.9623001314760472