0.5
0.5249687935906011
0.5497516509702107
0.5741687075958978
0.5980518903511205
0.6212497067945163
0.6436311904634666
0.6650880415556107
0.685536169164578
0.7049155058491967
0.7231889697166695
0.7403405491586406
0.75637287814282
0.7713043879781342
0.7851664414679428
0.7980004540679635
0.8098552500269249
0.8207846840232667
0.8308455841654191
0.8400960393621912
0.8485940213531018
0.8563962999163717
0.8635576487130638
0.8701302703510072
0.8761634261450433
0.8817032166309711
0.8867924940888159
0.8914708635977044
0.8957747551457531
0.8997375617503993
0.9033903671005709
0.9067591759214867
0.9098710343732738
0.9127482781601871
0.9154116997741405
0.9178801309230341
0.9201706184103271
0.9222985907469625
0.9242780074312337
0.9261214980745489
0.9278404991725072
0.9294453561343591
0.9309454500863976
0.932349277983712
0.9336645512497923
0.9348982656808604
0.9360567814778921
0.937145880646243
0.9381708226739547
0.9391364076594327
0.940047007996125
0.9409066131207897
0.941718881922383
0.9424871465074686
0.9432144681721901
0.9439036524237034
0.944557276816998
0.9451777058034099
0.9457671168580645
0.9463275179766787
0.9468607568371183
0.9473685404383402
0.9478524465962473
0.9483139338594587
0.9487543546251448
0.9491749596382406
0.9495769104440919
0.9499612865731722
0.9503290890853882
0.950681253650157
0.9510186464687852